Vinicius
1
2021
600.000000
8.000000
0.000000
0.000000
0.000000
0.000000
0.000000
0.000000
8.000000
0.000000
0.000000
0.000000
0.000000
0.000000
0.000000
8.000000
0.000000
0.000000
0.000000
0.000000
0.000000
0.000000
9.000000
0.000000
0.000000
0.000000
0.000000
0.000000
0.000000
5.000000
0.000000
0.000000
0.000000
0.000000
0.000000
0.000000
7.000000
0.000000
0.000000
0.000000
0.000000
0.000000
0.000000
555.000000
0.000000
0.000000
0.000000
0.000000
0.000000
0.000000
0.000000
0.000000
0.000000
0.000000
0.841207
0.000000
0.000000
0.000000
0.000000
0.000000
0.000000
0.000000
0.000000
0.000000
0.000000
0.000000
0.000000
0.000000
0.000000
0.000000
0.000000
0.000000
0.000000
0.000000
0.000000
0.000000
0.000000
0.000000
0.000000
0.000000
0.000000
0.000000
0.000000
0.000000
0.000000
